     0/299     8.09G      4.57       143         0       147        19       512  0.000138         1   0.00285  0.000277      4.87       129         0
     1/299     13.6G      4.64       124         0       129        19       512  0.000138         1   0.00285  0.000277      4.87       129         0
     2/299     13.6G      4.67      79.5         0      84.2        15       512  0.000712     0.905   0.00222   0.00142      4.74      35.5         0
     3/299     7.33G      4.59      34.7         0      39.3        16       512  0.000712     0.905   0.00222   0.00142      4.74      35.5         0
     4/299     7.33G       4.5      22.8         0      27.3        16       512         0         0   0.00127         0      4.77      10.1         0
     5/299     7.33G       4.2      10.8         0        15        18       512         0         0   0.00127         0      4.77      10.1         0
     6/299     7.33G      4.41      7.83         0      12.2        22       512         0         0   0.00129         0       4.4      4.09         0
     7/299     7.93G      4.12      4.65         0      8.77        18       512         0         0   0.00129         0       4.4      4.09         0
     8/299     7.93G      4.47      3.72         0      8.19        17       512         0         0   0.00191         0      4.01       2.4         0
     9/299     7.93G       3.9      3.48         0      7.37        26       512         0         0   0.00191         0      4.01      2.39         0
    10/299     7.93G      4.22      2.75         0      6.97        19       512         0         0   0.00223         0      4.35      1.95         0
    11/299     7.93G      3.69      2.96         0      6.66        18       512         0         0   0.00223         0      4.35      1.95         0
    12/299     7.93G       4.2      2.82         0      7.02        21       512         0         0   0.00406         0      3.64       1.9         0
    13/299     7.93G      3.32      2.68         0      6.01        18       512         0         0   0.00406         0      3.64       1.9         0
    14/299     7.93G      3.52      2.85         0      6.37        19       512         0         0   0.00815         0      3.44      1.95         0
    15/299     7.93G       3.5       2.5         0         6        19       512         0         0   0.00815         0      3.44      1.95         0
    16/299     7.93G      3.01      3.21         0      6.22        19       512         0         0    0.0247         0      2.58      2.01         0
    17/299     7.93G      2.89      3.15         0      6.04        22       512         0         0    0.0247         0      2.58      2.01         0
    18/299     7.93G      3.17      3.14         0      6.31        21       512         0         0    0.0737         0      2.52      2.04         0
    19/299     7.93G      3.18      3.27         0      6.45        21       512         0         0    0.0737         0      2.52      2.04         0
    20/299     7.93G      2.99      3.12         0      6.11        17       512         0         0     0.241         0      2.93      2.02         0
    21/299     7.93G      2.76      3.72         0      6.49        25       512         0         0     0.241         0      2.93      2.02         0
    22/299     7.93G      2.97      3.45         0      6.42        20       512         0         0      0.37         0      2.97      1.99         0
    23/299     7.93G      2.63      3.11         0      5.74        17       512         0         0      0.37         0      2.97      1.99         0
    24/299     7.93G         3      3.11         0      6.11        18       512         0         0     0.495         0      2.79      1.92         0
    25/299     7.93G      2.67      2.93         0       5.6        18       512         0         0     0.495         0      2.79      1.92         0
    26/299     7.93G      2.41      3.59         0         6        18       512         1    0.0476     0.678    0.0909      2.36      1.81         0
    27/299     7.93G       2.1      3.02         0      5.12        19       512         1    0.0476     0.678    0.0909      2.36      1.81         0
    28/299     7.93G      2.38      2.83         0       5.2        18       512         1    0.0476      0.85    0.0909      1.85      1.66         0
    29/299     7.93G      2.63      3.12         0      5.75        22       512         1    0.0476      0.85    0.0909      1.85      1.66         0
    30/299     7.93G      2.64      2.67         0       5.3        21       512         1    0.0476     0.839    0.0909       2.4      1.53         0
    31/299     7.93G      2.62      2.93         0      5.55        24       512         1    0.0476     0.839    0.0909       2.4      1.53         0
    32/299     7.93G      2.46      2.76         0      5.22        22       512         1    0.0476     0.942    0.0909       2.2      1.36         0
    33/299     7.93G      2.42       3.1         0      5.51        21       512         1    0.0476     0.942    0.0909       2.2      1.36         0
    34/299     7.93G      2.14      2.23         0      4.38        19       512         1    0.0476     0.939    0.0909         2      1.17         0
    35/299     7.93G      2.48      2.41         0      4.89        21       512         1    0.0476     0.939    0.0909         2      1.17         0
    36/299     7.93G       2.4      2.63         0      5.03        19       512     0.551    0.0622     0.904     0.112       2.7     0.977         0
    37/299     7.93G      2.59      2.16         0      4.75        19       512     0.551    0.0622     0.904     0.112       2.7     0.976         0
    38/299     7.93G      2.78      2.37         0      5.15        21       512         1     0.511      0.95     0.677      3.34     0.779         0
    39/299     7.93G      2.86      1.79         0      4.65        18       512         1     0.511      0.95     0.677      3.34     0.779         0
    40/299     7.93G       2.6      2.44         0      5.05        22       512      0.78     0.844     0.873     0.811      2.65     0.606         0
    41/299     7.93G       2.6      2.19         0      4.78        23       512      0.78     0.844     0.873     0.811      2.65     0.605         0
    42/299     7.93G      2.43       2.2         0      4.62        24       512     0.683         1     0.868     0.811      2.93      0.52         0
    43/299     7.93G      2.51      1.79         0       4.3        20       512     0.683         1     0.868     0.811      2.93      0.52         0
    44/299     7.93G      2.33      1.75         0      4.09        23       512     0.338         1     0.676     0.506      2.78     0.577         0
    45/299     7.93G      2.54      1.56         0      4.11        21       512     0.338         1     0.676     0.506      2.78     0.577         0
    46/299     7.93G      2.78       1.8         0      4.58        23       512     0.392         1     0.825     0.563      3.37      0.79         0
    47/299     7.93G       3.1      1.32         0      4.41        20       512     0.392         1     0.825     0.563      3.37      0.79         0
    48/299     7.93G      2.61      1.14         0      3.75        21       512     0.239     0.952     0.842     0.382      2.76       1.1         0
    49/299     7.93G      2.17     0.928         0       3.1        20       512     0.239     0.952     0.842     0.382      2.76       1.1         0
    50/299     7.93G      2.69     0.971         0      3.66        20       512     0.375         1      0.91     0.545      3.57      1.29         0
    51/299     7.93G      3.26      1.33         0      4.59        25       512     0.375         1      0.91     0.545      3.57      1.29         0
    52/299     7.93G      2.95      1.12         0      4.07        23       512      0.29         1      0.84      0.45      3.22      1.43         0
    53/299     7.93G      2.77      1.08         0      3.84        16       512      0.29         1      0.84      0.45      3.22      1.43         0
    54/299     7.93G      2.57      1.23         0       3.8        21       512      0.34         1     0.886     0.507      2.73      1.19         0
    55/299     7.93G      2.28     0.842         0      3.13        26       512      0.34         1     0.886     0.507      2.73      1.19         0
    56/299     7.93G      2.91      0.95         0      3.86        20       512     0.262     0.952     0.723     0.411      3.16     0.993         0
    57/299     7.93G      3.06     0.861         0      3.92        21       512     0.262     0.952     0.723     0.411      3.16     0.994         0
    58/299     7.93G      2.53     0.881         0      3.41        22       512     0.641         1     0.852     0.781         2     0.685         0
    59/299     7.93G      2.32     0.871         0      3.19        17       512     0.641         1     0.852     0.781         2     0.686         0
    60/299     7.93G      2.53      1.04         0      3.57        16       512     0.387         1      0.66     0.558      3.38     0.448         0
    61/299     7.93G      3.19     0.736         0      3.93        19       512     0.387         1      0.66     0.558      3.38     0.448         0
    62/299     7.93G      2.65      0.92         0      3.57        20       512     0.618         1     0.754     0.764       1.7     0.364         0
    63/299     7.93G      1.75     0.768         0      2.52        22       512     0.618         1     0.754     0.764       1.7     0.365         0
    64/299     7.93G      2.12     0.953         0      3.07        21       512     0.686     0.857     0.748     0.762      2.28     0.365         0
    65/299     7.93G      2.76     0.885         0      3.65        23       512     0.686     0.857     0.748     0.762      2.28     0.365         0
    66/299     7.93G      2.22     0.826         0      3.05        20       512      0.48     0.905     0.692     0.627      1.98     0.344         0
    67/299     7.93G      2.02     0.729         0      2.74        20       512      0.48     0.905     0.692     0.627      1.98     0.344         0
    68/299     7.93G      2.62     0.675         0      3.29        19       512     0.505     0.905      0.75     0.648      3.39     0.348         0
    69/299     7.93G       3.2     0.702         0      3.91        18       512     0.505     0.905      0.75     0.648      3.39     0.348         0
    70/299     7.93G      2.68      0.86         0      3.54        26       512     0.485      0.94     0.727      0.64       2.3     0.349         0
    71/299     7.93G      1.97     0.769         0      2.74        21       512     0.485      0.94     0.727      0.64       2.3     0.349         0
    72/299     7.93G      2.06     0.708         0      2.76        17       512     0.803     0.905     0.941     0.851      1.65     0.372         0
    73/299     7.93G      2.07     0.647         0      2.71        18       512     0.803     0.905     0.941     0.851      1.65     0.372         0
    74/299     7.93G      1.99     0.671         0      2.66        21       512     0.531     0.972     0.755     0.687      2.06     0.354         0
    75/299     7.93G      2.12     0.835         0      2.95        20       512     0.531     0.972     0.755     0.687      2.06     0.354         0
    76/299     7.93G      2.37      0.78         0      3.15        23       512     0.182     0.952     0.727     0.306      2.64     0.351         0
    77/299     7.93G      2.59      0.61         0       3.2        21       512     0.182     0.952     0.727     0.306      2.64     0.351         0
    78/299     7.93G      2.37      0.74         0      3.11        21       512     0.219     0.952     0.805     0.357      2.37     0.345         0
    79/299     7.93G         2     0.482         0      2.48        16       512     0.219     0.952     0.805     0.357      2.37     0.345         0
    80/299     7.93G      2.09     0.896         0      2.99        25       512      0.16     0.952     0.769     0.273      1.75     0.353         0
    81/299     7.93G      2.24     0.714         0      2.95        19       512      0.16     0.952     0.769     0.273      1.75     0.353         0
    82/299     7.93G      1.97       0.9         0      2.87        18       512     0.803     0.952     0.939     0.872       1.9      0.34         0
    83/299     7.93G      1.95     0.642         0      2.59        24       512     0.803     0.952     0.939     0.872       1.9      0.34         0
    84/299     7.93G       2.1      0.59         0      2.69        20       512     0.806     0.952     0.955     0.873      2.33     0.339         0
    85/299     7.93G      2.35     0.594         0      2.94        22       512     0.806     0.952     0.955     0.873      2.33     0.339         0
    86/299     7.93G      2.21     0.766         0      2.98        22       512     0.862     0.952      0.97     0.905      1.88     0.337         0
    87/299     7.93G      1.91     0.729         0      2.64        22       512     0.862     0.952      0.97     0.905      1.88     0.338         0
    88/299     7.93G      2.19     0.625         0      2.82        20       512         1     0.952      0.99     0.975      2.21     0.329         0
    89/299     7.93G      2.26     0.684         0      2.94        20       512         1     0.952      0.99     0.975      2.21     0.329         0
    90/299     7.93G      2.12     0.834         0      2.96        21       512     0.864     0.952     0.969     0.906      1.54     0.323         0
    91/299     7.93G      1.99     0.669         0      2.65        21       512     0.864     0.952     0.969     0.906      1.54     0.323         0
    92/299     7.93G      1.85     0.501         0      2.35        18       512         1     0.896      0.99     0.945       1.5     0.317         0
    93/299     7.93G       1.7     0.646         0      2.35        18       512         1     0.896      0.99     0.945       1.5     0.317         0
    94/299     7.93G      1.93     0.593         0      2.52        20       512     0.899     0.851     0.975     0.874      1.54     0.317         0
    95/299     7.93G      1.85     0.567         0      2.42        20       512     0.899     0.851     0.975     0.874      1.54     0.317         0
    96/299     7.93G      2.04     0.632         0      2.67        20       512      0.95     0.909     0.971     0.929      2.23      0.31         0
    97/299     7.93G      2.32     0.668         0      2.99        21       512      0.95     0.909     0.971     0.929      2.23      0.31         0
    98/299     7.93G      1.98     0.557         0      2.54        18       512     0.902      0.88     0.964     0.891      1.52     0.318         0
    99/299     7.93G      1.78     0.608         0      2.39        18       512     0.902      0.88     0.964     0.891      1.52     0.318         0
   100/299     7.93G      2.16      0.57         0      2.73        19       512     0.985     0.905     0.989     0.943      2.63     0.313         0
   101/299     7.93G      2.74     0.497         0      3.24        18       512     0.985     0.905     0.989     0.943      2.63     0.313         0
   102/299     7.93G      2.29     0.559         0      2.85        22       512      0.95     0.903     0.982     0.926      2.16     0.326         0
   103/299     7.93G      2.13     0.543         0      2.67        21       512      0.95     0.903     0.982     0.926      2.16     0.326         0
   104/299     7.93G      1.78      0.69         0      2.47        24       512     0.961     0.905     0.987     0.932       1.2     0.325         0
   105/299     7.93G       1.7     0.533         0      2.23        18       512     0.961     0.905     0.987     0.932       1.2     0.325         0
   106/299     7.93G      1.87     0.598         0      2.46        20       512     0.865     0.913     0.955     0.888      1.68     0.304         0
   107/299     7.93G         2     0.541         0      2.54        18       512     0.865     0.913     0.955     0.888      1.68     0.304         0
   108/299     7.93G      2.04     0.511         0      2.55        21       512     0.717     0.905     0.922       0.8      2.08     0.308         0
   109/299     7.93G      2.19     0.552         0      2.74        20       512     0.717     0.905     0.922       0.8      2.08     0.308         0
   110/299     7.93G      1.83     0.596         0      2.42        22       512     0.618     0.905     0.733     0.734      1.55     0.311         0
   111/299     7.93G      1.58     0.596         0      2.18        23       512     0.618     0.905     0.733     0.734      1.55     0.311         0
   112/299     7.93G      1.79     0.683         0      2.48        19       512     0.556     0.894     0.556     0.685      1.38     0.335         0
   113/299     7.93G      1.72     0.637         0      2.35        25       512     0.556     0.894     0.556     0.685      1.38     0.335         0
   114/299     7.93G      1.78     0.528         0      2.31        16       512     0.486     0.905     0.523     0.632      1.86      0.34         0
   115/299     7.93G      1.92     0.546         0      2.47        20       512     0.486     0.905     0.523     0.632      1.86      0.34         0
   116/299     7.93G      1.77     0.496         0      2.27        17       512     0.525     0.905     0.538     0.664      1.27     0.349         0
   117/299     7.93G      1.74     0.622         0      2.36        24       512     0.525     0.905     0.538     0.664      1.27     0.349         0
   118/299     7.93G      1.72     0.646         0      2.36        21       512     0.518     0.905     0.542     0.658      1.46     0.333         0
   119/299     7.93G      1.65     0.454         0       2.1        18       512     0.518     0.905     0.542     0.658      1.46     0.333         0
   120/299     7.93G      1.61     0.572         0      2.18        27       512     0.439     0.905      0.49     0.591       1.5     0.405         0
   121/299     7.93G      1.83     0.583         0      2.41        19       512     0.439     0.905      0.49     0.591       1.5     0.405         0
   122/299     7.93G       1.8      0.51         0      2.31        20       512     0.476     0.905     0.493     0.624      1.55     0.399         0
   123/299     7.93G      1.89     0.427         0      2.32        19       512     0.476     0.905     0.493     0.624      1.55     0.399         0
   124/299     7.93G      1.84     0.678         0      2.51        20       512     0.412     0.905     0.418     0.566      1.91     0.461         0
   125/299     7.93G      2.05     0.573         0      2.62        22       512     0.412     0.905     0.418     0.566      1.91      0.46         0
   126/299     7.93G      2.08     0.474         0      2.55        24       512     0.403     0.905     0.406     0.558       1.3     0.507         0
   127/299     7.93G      1.73      0.55         0      2.28        21       512     0.403     0.905     0.406     0.558       1.3     0.507         0
   128/299     7.93G      1.58     0.601         0      2.18        23       512     0.427     0.905     0.441     0.581      1.56     0.429         0
   129/299     7.93G      1.77     0.603         0      2.37        18       512     0.427     0.905     0.441     0.581      1.56     0.429         0
   130/299     7.93G      1.72      0.43         0      2.15        18       512      0.59     0.961     0.597     0.732      1.35     0.341         0
   131/299     7.93G      1.63     0.582         0      2.21        21       512      0.59     0.961     0.597     0.732      1.35     0.341         0
   132/299     7.93G      1.61     0.588         0       2.2        19       512     0.633     0.985     0.642      0.77      1.53     0.285         0
   133/299     7.93G      1.69     0.615         0       2.3        19       512     0.633     0.985     0.642      0.77      1.53     0.285         0
   134/299     7.93G      1.62     0.551         0      2.17        21       512     0.581     0.991     0.585     0.733      1.41     0.309         0
   135/299     7.93G      1.74     0.577         0      2.32        18       512     0.581     0.991     0.585     0.733      1.41     0.309         0
   136/299     7.93G       1.6     0.514         0      2.11        20       512     0.541     0.952     0.571      0.69      1.61     0.326         0
   137/299     7.93G      2.12     0.563         0      2.68        20       512     0.541     0.952     0.571      0.69      1.61     0.326         0
   138/299     7.93G      1.62     0.473         0      2.09        20       512     0.534     0.983      0.54     0.692      1.31      0.35         0
   139/299     7.93G      1.64     0.383         0      2.02        18       512     0.534     0.983      0.54     0.692      1.31      0.35         0
   140/299     7.93G      1.67     0.725         0      2.39        17       512         1     0.975     0.995     0.987      1.48     0.292         0
   141/299     7.93G      1.77     0.435         0       2.2        19       512         1     0.975     0.995     0.987      1.48     0.292         0
   142/299     7.93G      1.72     0.606         0      2.33        22       512         1     0.961     0.995      0.98      1.54     0.316         0
   143/299     7.93G      1.74     0.431         0      2.17        18       512         1     0.961     0.995      0.98      1.54     0.316         0
   144/299     7.93G      1.77     0.582         0      2.35        22       512         1      0.92     0.995     0.958      1.29     0.323         0
   145/299     7.93G      1.59     0.528         0      2.12        19       512         1      0.92     0.995     0.958      1.29     0.323         0
   146/299     7.93G      1.57     0.554         0      2.12        21       512         1      0.93     0.995     0.964      1.29     0.337         0
   147/299     7.93G      1.61     0.619         0      2.23        22       512         1      0.93     0.995     0.964      1.29     0.337         0
   148/299     7.93G      1.59     0.464         0      2.06        20       512         1     0.942     0.995      0.97      1.24     0.325         0
   149/299     7.93G      1.67     0.534         0      2.21        17       512         1     0.942     0.995      0.97      1.24     0.325         0
   150/299     7.93G      1.51     0.658         0      2.16        25       512         1     0.943     0.995     0.971     0.968     0.311         0
   151/299     7.93G      1.42      0.47         0      1.89        16       512         1     0.943     0.995     0.971     0.968     0.311         0
   152/299     7.93G      1.63     0.529         0      2.16        19       512         1     0.958     0.995     0.978       1.3     0.301         0
   153/299     7.93G      1.65     0.596         0      2.24        20       512         1     0.958     0.995     0.978       1.3     0.301         0
   154/299     7.93G      1.44     0.558         0      1.99        18       512         1     0.877     0.945     0.934      1.11     0.397         0
   155/299     7.93G      1.21      0.52         0      1.73        22       512         1     0.877     0.945     0.934      1.11     0.397         0
   156/299     7.93G      1.53     0.568         0       2.1        25       512         1     0.884     0.925     0.939      1.29     0.585         0
   157/299     7.93G      1.54     0.517         0      2.06        22       512         1     0.884     0.925     0.939      1.29     0.585         0
   158/299     7.93G      1.59     0.438         0      2.03        18       512         1      0.89     0.914     0.942      1.26     0.694         0
   159/299     7.93G      1.59     0.512         0       2.1        21       512         1      0.89     0.914     0.942      1.26     0.694         0
   160/299     7.93G      1.62     0.511         0      2.13        22       512         1     0.889     0.929     0.941      1.34     0.616         0
   161/299     7.93G      1.53     0.493         0      2.03        21       512         1     0.889     0.929     0.941      1.34     0.616         0
   162/299     7.93G      1.54      0.48         0      2.02        19       512         1     0.884     0.942     0.938      1.14     0.478         0
   163/299     7.93G      1.37     0.317         0      1.68        17       512         1     0.884     0.942     0.938      1.14     0.478         0
   164/299     7.93G      1.42     0.452         0      1.87        23       512         1     0.896     0.936     0.945      1.38     0.589         0
   165/299     7.93G      1.59     0.627         0      2.22        21       512         1     0.896     0.936     0.945      1.38     0.589         0
   166/299     7.93G      1.51     0.605         0      2.11        21       512         1     0.892     0.958     0.943      1.03     0.517         0
   167/299     7.93G      1.44     0.483         0      1.92        21       512         1     0.892     0.958     0.943      1.03     0.517         0
   168/299     7.93G      1.38      0.51         0      1.89        21       512     0.897     0.905     0.944     0.901      1.23     0.622         0
   169/299     7.93G      1.53     0.434         0      1.96        20       512     0.897     0.905     0.944     0.901      1.23     0.622         0
   170/299     7.93G      1.34     0.394         0      1.73        21       512     0.926     0.905     0.972     0.915      1.24      0.54         0
   171/299     7.93G      1.56     0.481         0      2.04        17       512     0.926     0.905     0.972     0.915      1.24      0.54         0
   172/299     7.93G      1.49     0.478         0      1.97        19       512     0.908     0.944     0.971     0.926       1.4     0.587         0
   173/299     7.93G       1.8     0.561         0      2.36        23       512     0.908     0.944     0.971     0.926       1.4     0.587         0
   174/299     7.93G      1.36     0.413         0      1.78        19       512     0.816     0.952     0.957     0.879         1     0.468         0
   175/299     7.93G       1.3     0.469         0      1.77        21       512     0.816     0.952     0.957     0.879         1     0.468         0
   176/299     7.93G      1.25     0.364         0      1.62        20       512     0.743         1     0.953     0.853     0.894     0.357         0
   177/299     7.93G      1.23     0.474         0       1.7        19       512     0.743         1     0.953     0.853     0.894     0.357         0
   178/299     7.93G       1.4     0.451         0      1.85        20       512     0.827         1     0.989     0.905      1.12     0.264         0
   179/299     7.93G      1.45     0.489         0      1.94        20       512     0.827         1     0.989     0.905      1.12     0.264         0
   180/299     7.93G      1.46     0.648         0      2.11        22       512     0.737         1     0.967     0.849     0.968     0.312         0
   181/299     7.93G      1.21     0.545         0      1.76        22       512     0.737         1     0.967     0.849     0.968     0.312         0
   182/299     7.93G      1.22      0.51         0      1.73        18       512     0.722         1     0.973     0.839      0.87     0.305         0
   183/299     7.93G      1.07     0.439         0      1.51        21       512     0.722         1     0.973     0.839      0.87     0.305         0
   184/299     7.93G      1.16     0.284         0      1.44        17       512     0.718         1     0.971     0.836      0.96     0.316         0
   185/299     7.93G      1.23     0.474         0       1.7        21       512     0.718         1     0.971     0.836      0.96     0.316         0
   186/299     7.93G      1.14     0.434         0      1.57        17       512     0.676         1     0.957     0.807      1.05     0.334         0
   187/299     7.93G      1.33     0.497         0      1.83        23       512     0.676         1     0.957     0.807      1.05     0.334         0
   188/299     7.93G      1.22     0.486         0       1.7        16       512     0.711         1     0.974     0.831     0.874     0.317         0
   189/299     7.93G      1.19     0.323         0      1.51        17       512     0.711         1     0.974     0.831     0.874     0.317         0
   190/299     7.93G      1.25     0.477         0      1.72        19       512     0.809         1     0.989     0.895      1.13     0.299         0
   191/299     7.93G      1.35     0.518         0      1.87        19       512     0.809         1     0.989     0.895      1.13     0.299         0
   192/299     7.93G      1.22     0.545         0      1.77        24       512     0.836         1     0.992     0.911     0.966     0.297         0
   193/299     7.93G      1.24     0.365         0      1.61        17       512     0.836         1     0.992     0.911     0.966     0.297         0
   194/299     7.93G      1.22     0.616         0      1.83        19       512     0.974         1     0.995     0.987      1.01     0.288         0
   195/299     7.93G      1.26     0.392         0      1.65        20       512     0.974         1     0.995     0.987      1.01     0.288         0
   196/299     7.93G      1.13     0.448         0      1.58        21       512     0.977         1     0.995     0.988     0.985     0.296         0
   197/299     7.93G      1.23     0.456         0      1.68        21       512     0.977         1     0.995     0.988     0.985     0.296         0
   198/299     7.93G      1.18     0.489         0      1.67        20       512     0.974         1     0.995     0.987      0.89     0.286         0
   199/299     7.93G      1.12     0.406         0      1.53        19       512     0.974         1     0.995     0.987      0.89     0.286         0
   200/299     7.93G      1.21      0.59         0       1.8        19       512     0.974         1     0.995     0.987     0.838     0.267         0
   201/299     7.93G         1     0.413         0      1.41        24       512     0.974         1     0.995     0.987     0.838     0.267         0
   202/299     7.93G      1.12     0.401         0      1.52        18       512     0.971         1     0.995     0.985     0.844      0.25         0
   203/299     7.93G      1.07     0.398         0      1.47        22       512     0.971         1     0.995     0.985     0.844      0.25         0
   204/299     7.93G      1.15     0.554         0       1.7        27       512     0.971         1     0.995     0.985     0.965      0.24         0
   205/299     7.93G       1.1     0.281         0      1.38        18       512     0.971         1     0.995     0.985     0.965      0.24         0
   206/299     7.93G      1.18     0.414         0       1.6        16       512     0.971         1     0.995     0.985     0.918     0.228         0
   207/299     7.93G      1.16     0.469         0      1.63        24       512     0.971         1     0.995     0.985     0.918     0.228         0
   208/299     7.93G      1.21      0.43         0      1.64        21       512     0.969         1     0.995     0.984     0.914     0.224         0
   209/299     7.93G      1.19     0.434         0      1.62        20       512     0.969         1     0.995     0.984     0.914     0.224         0
   210/299     7.93G      1.13     0.495         0      1.63        17       512     0.968         1     0.995     0.984     0.792     0.212         0
   211/299     7.93G      1.15     0.518         0      1.67        20       512     0.968         1     0.995     0.984     0.792     0.212         0
   212/299     7.93G     0.984     0.403         0      1.39        20       512     0.968         1     0.995     0.984      0.79     0.211         0
   213/299     7.93G     0.974     0.439         0      1.41        22       512     0.968         1     0.995     0.984      0.79     0.211         0
   214/299     7.93G      1.09     0.411         0       1.5        16       512     0.969         1     0.995     0.984     0.824     0.209         0
   215/299     7.93G      1.03     0.409         0      1.44        20       512     0.969         1     0.995     0.984     0.824     0.209         0
   216/299     7.93G      1.11     0.357         0      1.46        19       512     0.971         1     0.995     0.985      0.89     0.208         0
   217/299     7.93G      1.07     0.437         0      1.51        20       512     0.971         1     0.995     0.985      0.89     0.208         0
   218/299     7.93G      1.06     0.356         0      1.42        17       512     0.973         1     0.995     0.986     0.738     0.202         0
   219/299     7.93G      1.01     0.415         0      1.43        19       512     0.973         1     0.995     0.986     0.738     0.202         0
   220/299     7.93G     0.927      0.37         0       1.3        16       512     0.976         1     0.995     0.988     0.781     0.205         0
   221/299     7.93G     0.998     0.458         0      1.46        21       512     0.976         1     0.995     0.988     0.781     0.205         0
   222/299     7.93G      1.04     0.464         0       1.5        25       512     0.977         1     0.995     0.988      0.78     0.197         0
   223/299     7.93G      1.19     0.384         0      1.57        19       512     0.977         1     0.995     0.988      0.78     0.197         0
   224/299     7.93G      1.21     0.501         0      1.71        20       512     0.977         1     0.995     0.988     0.857     0.201         0
   225/299     7.93G      1.11      0.37         0      1.48        18       512     0.977         1     0.995     0.988     0.857     0.201         0
   226/299     7.93G      1.15     0.465         0      1.62        19       512     0.975         1     0.995     0.987     0.806     0.194         0
   227/299     7.93G      1.07     0.423         0      1.49        26       512     0.975         1     0.995     0.987     0.806     0.194         0
   228/299     7.93G      1.13     0.408         0      1.54        18       512     0.975         1     0.995     0.987     0.757      0.19         0
   229/299     7.93G     0.982     0.448         0      1.43        20       512     0.975         1     0.995     0.987     0.757      0.19         0
   230/299     7.93G      1.02     0.344         0      1.36        17       512     0.976         1     0.995     0.988     0.832     0.182         0
   231/299     7.93G      1.12     0.352         0      1.47        19       512     0.976         1     0.995     0.988     0.832     0.183         0
   232/299     7.93G      1.04     0.361         0       1.4        18       512     0.978         1     0.995     0.989     0.744     0.179         0
   233/299     7.93G     0.898      0.35         0      1.25        21       512     0.978         1     0.995     0.989     0.744      0.18         0
   234/299     7.93G         1     0.371         0      1.37        18       512     0.982         1     0.995     0.991     0.724     0.176         0
   235/299     7.93G      1.11       0.4         0      1.51        19       512     0.982         1     0.995     0.991     0.724     0.176         0
   236/299     7.93G     0.977     0.554         0      1.53        25       512     0.979         1     0.995      0.99       0.7     0.172         0
   237/299     7.93G     0.932      0.34         0      1.27        19       512     0.979         1     0.995      0.99       0.7     0.172         0
   238/299     7.93G     0.966     0.396         0      1.36        21       512     0.977         1     0.995     0.989     0.744     0.164         0
   239/299     7.93G     0.882     0.269         0      1.15        19       512     0.977         1     0.995     0.989     0.744     0.164         0
   240/299     7.93G         1     0.431         0      1.43        18       512     0.975         1     0.995     0.988     0.698     0.162         0
   241/299     7.93G     0.988     0.458         0      1.45        19       512     0.975         1     0.995     0.988     0.698     0.162         0
   242/299     7.93G     0.864     0.251         0      1.12        18       512     0.974         1     0.995     0.987     0.653     0.156         0
   243/299     7.93G     0.837     0.315         0      1.15        21       512     0.974         1     0.995     0.987     0.653     0.156         0
   244/299     7.93G     0.911     0.311         0      1.22        24       512     0.972         1     0.995     0.986     0.644     0.153         0
   245/299     7.93G     0.783     0.347         0      1.13        21       512     0.972         1     0.995     0.986     0.644     0.153         0
   246/299     7.93G     0.842     0.419         0      1.26        20       512     0.971         1     0.995     0.985     0.648     0.152         0
   247/299     7.93G     0.916     0.374         0      1.29        17       512     0.971         1     0.995     0.985     0.648     0.152         0
   248/299     7.93G      0.73     0.359         0      1.09        20       512      0.97         1     0.995     0.985      0.67     0.153         0
   249/299     7.93G     0.898     0.486         0      1.38        18       512      0.97         1     0.995     0.985      0.67     0.153         0
   250/299     7.93G     0.884     0.289         0      1.17        17       512      0.97         1     0.995     0.985     0.699     0.152         0
   251/299     7.93G     0.859     0.307         0      1.17        16       512      0.97         1     0.995     0.985     0.699     0.152         0
   252/299     7.93G     0.832     0.353         0      1.19        23       512      0.97         1     0.995     0.985     0.631     0.147         0
   253/299     7.93G     0.896     0.322         0      1.22        19       512      0.97         1     0.995     0.985     0.631     0.147         0
   254/299     7.93G     0.896     0.269         0      1.17        20       512      0.97         1     0.995     0.985     0.642     0.149         0
   255/299     7.93G     0.913     0.311         0      1.22        18       512      0.97         1     0.995     0.985     0.642     0.149         0
   256/299     7.93G     0.933     0.345         0      1.28        20       512      0.97         1     0.995     0.985     0.608     0.144         0
   257/299     7.93G     0.732     0.309         0      1.04        23       512      0.97         1     0.995     0.985     0.608     0.144         0
   258/299     7.93G     0.913     0.395         0      1.31        25       512     0.971         1     0.995     0.985     0.634     0.143         0
   259/299     7.93G     0.782     0.214         0     0.996        17       512     0.971         1     0.995     0.985     0.634     0.143         0
   260/299     7.93G     0.887     0.307         0      1.19        21       512     0.971         1     0.995     0.985     0.594     0.141         0
   261/299     7.93G     0.826     0.256         0      1.08        18       512     0.971         1     0.995     0.985     0.594     0.141         0
   262/299     7.93G     0.892     0.342         0      1.23        18       512     0.971         1     0.995     0.985     0.677     0.141         0
   263/299     7.93G     0.845     0.321         0      1.17        20       512     0.971         1     0.995     0.985     0.677     0.142         0
   264/299     7.93G     0.929     0.245         0      1.17        17       512     0.971         1     0.995     0.985     0.661     0.138         0
   265/299     7.93G     0.847     0.287         0      1.13        21       512     0.971         1     0.995     0.985     0.661     0.138         0
   266/299     7.93G      0.94     0.319         0      1.26        22       512     0.971         1     0.995     0.985     0.619     0.139         0
   267/299     7.93G     0.802     0.251         0      1.05        20       512     0.971         1     0.995     0.985     0.619     0.139         0
   268/299     7.93G     0.863     0.501         0      1.36        20       512     0.971         1     0.995     0.985     0.595     0.135         0
   269/299     7.93G     0.829     0.212         0      1.04        19       512     0.971         1     0.995     0.985     0.595     0.135         0
   270/299     7.93G     0.778     0.269         0      1.05        22       512     0.971         1     0.995     0.985     0.609     0.135         0
   271/299     7.93G     0.857     0.378         0      1.23        22       512     0.971         1     0.995     0.985     0.609     0.135         0
   272/299     7.93G     0.869     0.312         0      1.18        22       512      0.97         1     0.995     0.985     0.561     0.133         0
   273/299     7.93G     0.763     0.336         0       1.1        16       512      0.97         1     0.995     0.985     0.561     0.133         0
   274/299     7.93G     0.738     0.322         0      1.06        23       512      0.97         1     0.995     0.985     0.569     0.135         0
   275/299     7.93G     0.832     0.333         0      1.17        22       512      0.97         1     0.995     0.985     0.569     0.135         0
   276/299     7.93G     0.862     0.405         0      1.27        18       512     0.969         1     0.995     0.984     0.569     0.137         0
   277/299     7.93G     0.737     0.188         0     0.925        14       512     0.969         1     0.995     0.984     0.569     0.137         0
   278/299     7.93G      0.77     0.239         0      1.01        20       512     0.969         1     0.995     0.984     0.552     0.135         0
   279/299     7.93G     0.792     0.294         0      1.09        24       512     0.969         1     0.995     0.984     0.552     0.135         0
   280/299     7.93G     0.773     0.296         0      1.07        18       512     0.969         1     0.995     0.984      0.56     0.135         0
   281/299     7.93G     0.824     0.363         0      1.19        19       512     0.969         1     0.995     0.984      0.56     0.135         0
   282/299     7.93G     0.732     0.241         0     0.973        18       512     0.968         1     0.995     0.984     0.589     0.136         0
   283/299     7.93G     0.712     0.241         0     0.953        15       512     0.968         1     0.995     0.984     0.589     0.136         0
   284/299     7.93G     0.703     0.272         0     0.974        23       512     0.967         1     0.995     0.983     0.576     0.138         0
   285/299     7.93G     0.719     0.209         0     0.928        19       512     0.967         1     0.995     0.983     0.576     0.138         0
   286/299     7.93G     0.714     0.269         0     0.983        20       512     0.967         1     0.995     0.983     0.544     0.138         0
   287/299     7.93G     0.663     0.255         0     0.918        16       512     0.967         1     0.995     0.983     0.544     0.138         0
   288/299     7.93G     0.742     0.296         0      1.04        19       512     0.967         1     0.995     0.983     0.545     0.138         0
   289/299     7.93G     0.811     0.306         0      1.12        20       512     0.967         1     0.995     0.983     0.545     0.138         0
   290/299     7.93G     0.694     0.337         0      1.03        17       512     0.966         1     0.995     0.983     0.537     0.136         0
   291/299     7.93G     0.799     0.294         0      1.09        18       512     0.966         1     0.995     0.983     0.537     0.136         0
   292/299     7.93G     0.874     0.321         0      1.19        22       512     0.966         1     0.995     0.983     0.552      0.14         0
   293/299     7.93G     0.787     0.222         0      1.01        20       512     0.966         1     0.995     0.983     0.552      0.14         0
   294/299     7.93G     0.761     0.332         0      1.09        26       512     0.965         1     0.995     0.982     0.524     0.138         0
   295/299     7.93G     0.665     0.279         0     0.944        20       512     0.965         1     0.995     0.982     0.524     0.138         0
   296/299     7.93G     0.705     0.333         0      1.04        18       512     0.965         1     0.995     0.982     0.545     0.141         0
   297/299     7.93G     0.778     0.335         0      1.11        23       512     0.965         1     0.995     0.982     0.545     0.141         0
   298/299     7.93G     0.692     0.218         0      0.91        20       512     0.964         1     0.995     0.982     0.511     0.141         0
   299/299     7.93G     0.646     0.335         0     0.981        25       512     0.964         1     0.995     0.982     0.511     0.141         0
